#Ferret Atlas Colors Color LUT
#Mon Dec 12 12:05:00 EST 2016
Knot1=0.01449275 243 243 243 1
Knot2=0.0289855 188 188 188 1
Knot3=0.043478 51 255 255 1
Knot4=0.05797 255 255 0 1
Knot5=0.07246 102 0 153 1
Knot6=0.0869565 255 0 255 1
Knot7=0.10145 102 255 51 1
Knot8=0.11594 0 0 205 1
Knot9=0.13043 244 93 244 1
Knot10=0.1449275 255 85 0 1
Knot11=0.15942 218 112 214 1
Knot12=0.173913 0 0 128 1
Knot13=0.1884 255 170 127 1
Knot14=0.304347 255 255 153 1
Knot15=0.318840 0 102 0 1
Knot16=0.33333 0 255 204 1
Knot17=0.347826 0 153 255 1
Knot18=0.362318 0 51 255 1
Knot19=0.37681159 204 204 204 1
Knot20=0.391304 153 153 102 1
Knot21=0.405797 153 102 102 1
Knot22=0.42028985 102 102 153 1
Knot23=0.4347826 204 204 0 1
Knot24=0.449275 51 0 153 1
Knot25=0.463768 0 153 0 1
Knot26=0.47826 204 51 0 1
Knot27=0.49275 204 153 153 1
Knot28=0.507246 153 102 51 1
Knot29=0.57971 255 255 204 1
Knot30=0.5942 255 204 204 1
Knot31=0.608695 255 153 102 1
Knot32=0.623188 204 204 255 1
Knot33=0.637681159 204 255 153 1
Knot34=0.6521739 204 204 153 1
Knot35=0.666666 255 204 0 1
Knot36=0.681159 204 153 255 1
Knot37=0.69565217 204 255 255 1
Knot38=0.71014493 255 255 127 1
Knot39=0.72463768 248 248 255 1
Knot40=0.73913 204 255 51 1
Knot41=0.869565 255 102 0 1
Knot42=0.88405797 255 0 0 1
Knot43=0.8985507 204 0 0 1
Knot44=0.913043478 153 51 0 1
Knot45=0.927536 255 0 255 1
Knot46=0.94202898 255 0 153 1
Knot47=0.956521739 204 51 153 1
Knot48=0.97101449 255 51 0 1
Knot49=0.985507 255 51 102 1
Knot50=1 204 51 0 1
Knot0=0.0 0 0 0 1
Name=Ferret-Atlas-Colors
NumberOfKnots=51
